z/a a mean err
0	0.1213	1.05983	0.004531
1	0.1213	1.00205	0.004283
2	0.1213	0.86991	0.003725
3	0.1213	0.70812	0.003057
4	0.1213	0.55147	0.002425
5	0.1213	0.41528	0.001887
6	0.1213	0.30446	0.001445
7	0.1213	0.21840	0.001097
8	0.1213	0.15389	0.000829
9	0.1213	0.10684	0.000631
10	0.1213	0.07325	0.000497
11	0.1213	0.04966	0.000413
12	0.1213	0.03340	0.000351
13	0.1213	0.02231	0.000309
14	0.1213	0.01485	0.000277
15	0.1213	0.00989	0.000261
16	0.1213	0.00663	0.000247
17	0.1213	0.00451	0.000241
				
				
				
0	0.0882	1.04377	0.005115
1	0.0882	0.99762	0.004889
2	0.0882	0.89257	0.004373
3	0.0882	0.75866	0.003731
4	0.0882	0.62283	0.003093
5	0.0882	0.49811	0.002533
6	0.0882	0.39011	0.002065
7	0.0882	0.30033	0.001695
8	0.0882	0.22789	0.001399
9	0.0882	0.17082	0.001161
10	0.0882	0.12667	0.000965
11	0.0882	0.09308	0.000813
12	0.0882	0.06787	0.000695
13	0.0882	0.04916	0.000613
14	0.0882	0.03544	0.000555
15	0.0882	0.02546	0.000513
16	0.0882	0.01827	0.000477
17	0.0882	0.01311	0.000449
18	0.0882	0.00945	0.000419
19	0.0882	0.00687	0.000391
20	0.0882	0.00507	0.000361
				
				
				
0	0.0574	1.03359	0.001611
1	0.0574	0.99813	0.001553
2	0.0574	0.91702	0.001425
3	0.0574	0.81021	0.001255
4	0.0574	0.69764	0.001083
5	0.0574	0.58938	0.000923
6	0.0574	0.49048	0.000787
7	0.0574	0.40318	0.000669
8	0.0574	0.32798	0.000579
9	0.0574	0.26443	0.000501
10	0.0574	0.21154	0.000443
11	0.0574	0.16809	0.000389
12	0.0574	0.13276	0.000347
13	0.0574	0.10431	0.000307
14	0.0574	0.08157	0.000277
15	0.0574	0.06352	0.000245
16	0.0574	0.04930	0.000221
17	0.0574	0.03816	0.000193
18	0.0574	0.02945	0.000171
19	0.0574	0.02271	0.000149
20	0.0574	0.01749	0.000131
21	0.0574	0.01351	0.000115
22	0.0574	0.01045	0.000103
23	0.0574	0.00811	0.000091
24	0.0574	0.00635	0.000085
25	0.0574	0.00503	0.000077
				
				
				
0	0.0425	1.03929	0.001529
1	0.0425	1.00839	0.001479
2	0.0425	0.93787	0.001373
3	0.0425	0.84370	0.001227
4	0.0425	0.74293	0.001077
5	0.0425	0.64409	0.000933
6	0.0425	0.55163	0.000809
7	0.0425	0.46777	0.000697
8	0.0425	0.39335	0.000607
9	0.0425	0.32842	0.000529
10	0.0425	0.27249	0.000469
11	0.0425	0.22486	0.000417
12	0.0425	0.18463	0.000377
13	0.0425	0.15094	0.000337
14	0.0425	0.12291	0.000305
15	0.0425	0.09973	0.000271
16	0.0425	0.08069	0.000245
17	0.0425	0.06510	0.000219
18	0.0425	0.05240	0.000197
19	0.0425	0.04210	0.000175
20	0.0425	0.03378	0.000159
21	0.0425	0.02708	0.000141
22	0.0425	0.02169	0.000127
23	0.0425	0.01739	0.000111
24	0.0425	0.01395	0.000103
25	0.0425	0.01123	0.000091
26	0.0425	0.00905	0.000083
27	0.0425	0.00731	0.000075
28	0.0425	0.00595	0.000073
29	0.0425	0.00487	0.000067
				
				
				
0	0.0318	1.03073	0.000865
1	0.0318	1.00359	0.000841
2	0.0318	0.94175	0.000789
3	0.0318	0.85838	0.000717
4	0.0318	0.76820	0.000643
5	0.0318	0.67858	0.000567
6	0.0318	0.59342	0.000501
7	0.0318	0.51476	0.000439
8	0.0318	0.44356	0.000387
9	0.0318	0.38007	0.000341
10	0.0318	0.32406	0.000307
11	0.0318	0.27513	0.000275
12	0.0318	0.23270	0.000251
13	0.0318	0.19613	0.000227
14	0.0318	0.16482	0.000211
15	0.0318	0.13812	0.000193
16	0.0318	0.11545	0.000181
17	0.0318	0.09629	0.000163
18	0.0318	0.08015	0.000151
19	0.0318	0.06659	0.000135
20	0.0318	0.05524	0.000125
21	0.0318	0.04578	0.000111
22	0.0318	0.03788	0.000101
23	0.0318	0.03134	0.000089
24	0.0318	0.02592	0.000083
25	0.0318	0.02144	0.000071
26	0.0318	0.01774	0.000067
27	0.0318	0.01468	0.000057
28	0.0318	0.01218	0.000053
29	0.0318	0.01012	0.000047
30	0.0318	0.00844	0.000045
31	0.0318	0.00706	0.000041
32	0.0318	0.00594	0.000041
33	0.0318	0.00502	0.000035
34	0.0318	0.00426	0.000035
35	0.0318	0.00364	0.000033
36	0.0318	0.00314	0.000033
37	0.0318	0.00272	0.000031
38	0.0318	0.00238	0.000033
39	0.0318	0.00212	0.000031
40	0.0318	0.00188	0.000033
41	0.0318	0.00170	0.000029
42	0.0318	0.00156	0.000031
43	0.0318	0.00144	0.000029
44	0.0318	0.00136	0.000031
45	0.0318	0.00128	0.000029
46	0.0318	0.00122	0.000029
47	0.0318	0.00118	0.000027
48	0.0318	0.00114	0.000027
49	0.0318	0.00112	0.000025
50	0.0318	0.00110	0.000027
51	0.0318	0.00108	0.000025
52	0.0318	0.00106	0.000027
53	0.0318	0.00106	0.000025
54	0.0318	0.00106	0.000027
55	0.0318	0.00104	0.000025
56	0.0318	0.00104	0.000027
57	0.0318	0.00104	0.000025
58	0.0318	0.00104	0.000027
59	0.0318	0.00104	0.000025
